CA-CA-CA          96.961           119.999     2 1 3
CA-CA-HA          30.874           119.973     2 1 4
CA-CA-HA          30.871           120.028     3 1 4
CA-CA-CA          96.961           119.999     1 2 5
CA-CA-HA          30.874           119.973     1 2 6
CA-CA-HA          30.871           120.028     5 2 6
CA-CA-CA          97.942           120.002     1 3 9
CA-CA-HA          30.155           119.999     1 3 12
CA-CA-HA          30.155           119.999     9 3 12
CA-CA-CA          97.942           120.002     2 5 7
CA-CA-HA          30.155           119.999     2 5 8
CA-CA-HA          30.155           119.999     7 5 8
CA-CA-CA          96.961           119.999     5 7 9
CA-CA-HA          30.873           120.028     5 7 10
CA-CA-HA          30.876           119.973     9 7 10
CA-CA-CA          96.961           119.999     3 9 7
CA-CA-HA          30.873           120.028     3 9 11
CA-CA-HA          30.876           119.973     7 9 11
