C2-C1-C3          96.961           119.999     2 1 3
C2-C1-H4          30.874           119.973     2 1 4
C3-C1-H4          30.871           120.028     3 1 4
C1-C2-C5          96.961           119.999     1 2 5
C1-C2-H6          30.874           119.973     1 2 6
C5-C2-H6          30.871           120.028     5 2 6
C1-C3-C9          97.942           120.002     1 3 9
C1-C3-H12          30.155           119.999     1 3 12
C9-C3-H12          30.155           119.999     9 3 12
C2-C5-C7          97.942           120.002     2 5 7
C2-C5-H8          30.155           119.999     2 5 8
C7-C5-H8          30.155           119.999     7 5 8
C5-C7-C9          96.961           119.999     5 7 9
C5-C7-H10          30.873           120.028     5 7 10
C9-C7-H10          30.876           119.973     9 7 10
C3-C9-C7          96.961           119.999     3 9 7
C3-C9-H11          30.873           120.028     3 9 11
C7-C9-H11          30.876           119.973     7 9 11
